1759880890397 0.2950502579438278 1
1759880923681 0.5469087091380085 1
1759880956456 0.7750876186962659 1
1759880988142 0.9708709658056509 1
1759881019413 1.2903080933760667 1
1759881051488 1.5443125572679408 1
1759881085308 1.8074265084400665 1
1759881116519 2.072325070250345 1
1759881147898 2.33838922889031 1
1759881179079 2.630440250740849 1
1759881210201 2.862816981811602 1
1759881241438 3.120078136904714 1
1759881272553 3.3529316517778374 1
1759881304537 3.627954797048433 1
1759881336649 3.8587327876630066 1
1759881368089 4.11361616407052 1
1759881400056 4.362672856449699 1
1759881431971 4.615976696584675 1
1759881463556 4.862316278932215 1
1759881494900 5.10142919852953 1
1759881526097 5.403263859092294 1
1759881557293 5.605929681735612 1
1759881589178 5.8826354643690655 1
1759881621216 6.171259338308418 1
1759881652696 6.39619783166283 1
1759881683872 6.630573520883124 1
1759881715065 6.904758448963613 1
1759881746320 7.14183447196703 1
1759881777559 7.379161057875457 1
1759881809416 7.637724573034293 1
1759881841579 7.886201427513073 1
1759881873395 8.107240939008767 1
1759881904870 8.40798716408656 1
1759881936967 8.654525273206925 1
1759881968590 8.849141911335694 1
1759882000221 9.092349144088645 1
1759882033133 9.342135219507892 1
