1759821774776 0.2714991619081227 1
1759821807894 0.5708490893269601 1
1759821840104 0.8099528297630887 1
1759821872427 1.0902280529702137 1
1759821904619 1.3918378710762063 1
1759821936605 1.6734239599540452 1
1759821968767 1.9251628000990473 1
1759822000668 2.170111285268029 1
1759822032520 2.437956639772873 1
1759822066094 2.701196906227945 1
1759822098845 2.9515471867781984 1
1759822130934 3.1966681023334242 1
1759822163899 3.4470572925020853 1
1759822195787 3.838811360656198 1
1759822227748 4.068662381303734 1
1759822259692 4.348535193843834 1
1759822292290 4.614683687985211 1
1759822324358 4.861348535319157 1
1759822356432 5.088316688454382 1
1759822388469 5.3786194717013665 1
1759822420441 5.7003515148811434 1
1759822452533 5.9948257099720905 1
1759822484568 6.280370304279481 1
1759822516578 6.535447664871519 1
1759822548546 6.7516466099384065 1
1759822580541 6.948034089963549 1
1759822612538 7.25554776910669 1
1759822644594 7.492411104993063 1
1759822676709 7.735706839897384 1
1759822708637 7.985206998543364 1
1759822740730 8.235272004548353 1
1759822772655 8.516287920274005 1
1759822804602 8.805071536680554 1
1759822836648 9.088282462401153 1
1759822870714 9.358652932093506 1
1759822903209 9.586513014609466 1
1759822935759 9.893416263869618 1
1759822967969 10.133984769735259 1
1759822999998 10.396666391813968 1
1759823032031 10.616527132973903 1
1759823064108 10.856720013779393 1
1759823096260 11.12890404136224 1
1759823128305 11.394349029552764 1
1759823162403 11.660975717265295 1
1759823194757 11.870991980357973 1
1759823226390 12.114073367750906 1
1759823258085 12.326974926291022 1
1759823290348 12.562647540135178 1
1759823322046 12.858951176511573 1
1759823354196 13.129277661417898 1
1759823385898 13.398781436590731 1
1759823417742 13.648067247725322 1
1759823450124 13.877545447186177 1
1759823483279 14.164785868026595 1
1759823515785 14.400164686056396 1
1759823551324 14.641969700121503 1
1759823585357 14.937429072966124 1
1759823619595 15.242818575163609 1
1759823653690 15.485412213885859 1
1759823686770 15.69495233540417 1
1759823719389 15.9133657922675 1
1759823752132 16.131280394614958 1
1759823784876 16.391755477922896 1
1759823817741 16.59180621080216 1
1759823852423 16.834378734320865 1
1759823886231 17.09515860963966 1
1759823918590 17.33467616420586 1
1759823951687 17.587871499136845 1
1759823984820 17.830462286993335 1
1759824017360 18.05802423473991 1
1759824049385 18.326927573724014 1
1759824082618 18.61007026663552 1
1759824115699 18.877877338085863 1
1759824150129 19.11992357925382 1
1759824182962 19.352921407458016 1
1759824216058 19.561988457565082 1
1759824248639 19.833442475543958 1
1759824281325 20.089126882573904 1
1759824315441 20.331954401937235 1
1759824348615 20.671799060454894 1
1759824381527 20.897666607101325 1
1759824413702 21.134365501291224 1
1759824447377 21.39390844547992 1
1759824481879 21.625580433136108 1
1759824516522 21.886750281828444 1
1759824549596 22.163882409870034 1
1759824581556 22.420155912282056 1
1759824613489 22.649953142418475 1
1759824645410 22.899513936786217 1
1759824678654 23.22936433713549 1
1759824711613 23.45970674052435 1
1759824745360 23.739412761753336 1
1759824777617 24.02478079035272 1
1759824809707 24.300908505128803 1
1759824843785 24.583894337767067 1
1759824876513 24.839628822917 1
1759824909583 25.122805538248468 1
1759824943069 25.383761885290685 1
1759824976452 25.682332680495517 1
1759825010452 25.894467512786917 1
1759825043277 26.124410904617925 1
1759825076795 26.37486851556485 1
1759825109613 26.609858832646285 1
1759825141718 26.865921558961166 1
1759825175799 27.13075906211905 1
1759825208813 27.38386807220823 1
1759825241456 27.679282019169847 1
1759825273887 27.93035328680386 1
1759825306890 28.17332972474296 1
1759825339865 28.495088365560438 1
1759825372763 28.727484739409565 1
1759825406202 29.027117059179712 1
1759825438306 29.281115633370895 1
1759825470836 29.51966650948267 1
1759825504666 29.75353339748512 1
1759825537026 30.0390553728356 1
1759825569232 30.306741893390903 1
1759825601673 30.552946733170995 1
1759825633695 30.862952100317393 1
1759825666994 31.081554951784653 1
1759825699333 31.290849303611814 1
1759825732006 31.52779171186281 1
1759825765200 31.76960469895359 1
1759825797929 32.04089740805551 1
1759825831258 32.29865439449365 1
1759825864097 32.540096910012394 1
1759825898659 32.79208274164815 1
1759825932009 33.023305670954706 1
1759825965266 33.29926308566181 1
1759825998236 33.56263953578131 1
1759826031239 33.82966258781919 1
1759826064378 34.14447485924868 1
1759826096926 34.377858666481536 1
1759826129342 34.6634761928273 1
1759826161468 34.901816151865056 1
1759826193470 35.132833615203545 1
1759826225626 35.37077069365135 1
1759826258275 35.59227450466364 1
1759826290903 35.87852341945496 1
1759826323980 36.0874536280055 1
1759826357596 36.36917705969099 1
1759826390000 36.62135814430318 1
1759826423042 36.887934174324116 1
1759826456147 37.132415822392694 1
1759826488504 37.395572661864016 1
1759826521087 37.60349529300133 1
1759826553122 37.86207122978956 1
1759826585818 38.091388480647694 1
1759826618743 38.34699337671829 1
1759826652387 38.608605595190596 1
1759826684640 38.81871471505377 1
1759826716655 39.054453775999896 1
1759826749401 39.306454159582316 1
1759826782168 39.56759148960806 1
1759826814813 39.795053985999054 1
1759826847825 40.06093349625666 1
1759826880689 40.34769635008983 1
1759826912913 40.616435967925945 1
1759826946019 40.83578912966765 1
1759826980579 41.05798065722042 1
1759827013308 41.32713261676144 1
1759827046455 41.58665204913965 1
1759827079930 41.9054435652639 1
1759827112226 42.14949974511381 1
1759827144770 42.4614024104164 1
1759827177558 42.75924845915405 1
1759827210122 42.975996211544015 1
1759827242921 43.21099998408528 1
1759827276210 43.485542617498275 1
1759827309250 43.7700013452327 1
1759827342617 44.04368909485576 1
1759827375441 44.290360818728544 1
1759827407691 44.4868047521614 1
1759827441029 44.758261057098515 1
1759827473924 44.99557916873015 1
1759827506604 45.22865595965029 1
1759827539171 45.46257231487292 1
1759827571696 45.660328931011804 1
1759827604405 45.90769637577895 1
1759827636869 46.116481096191094 1
1759827668849 46.336088094634206 1
1759827701901 46.56966828265852 1
1759827734484 46.76730766869105 1
1759827767229 46.984520895404934 1
1759827799933 47.17576296999812 1
1759827832489 47.375715222695845 1
1759827865148 47.640743263936784 1
1759827898649 47.913281394109696 1
1759827931578 48.1356791708354 1
1759827964336 48.333926966082345 1
1759827997440 48.56009986864714 1
1759828030375 48.8418579179883 1
1759828062663 49.1050434540864 1
1759828095927 49.31913387064112 1
1759828128528 49.53793922756199 1
1759828162307 49.7612291686299 1
1759828195078 50.0281508426282 1
1759828227366 50.251266818228295 1
1759828259616 50.48408721919912 1
1759828291657 50.774096770539266 1
1759828323902 51.07945832798666 1
1759828355982 51.282987383383926 1
1759828388292 51.52123150947264 1
1759828420515 51.74729482601072 1
1759828452464 51.98098613514332 1
1759828484723 52.24013659970286 1
1759828516918 52.47663991197028 1
1759828549311 52.7589364303301 1
1759828581132 52.983722590335475 1
1759828613528 53.224664543951704 1
1759828645634 53.492484898556796 1
1759828885610 53.70532643227496 1
1759829419789 53.937060434093496 1
1759829453680 54.22618220703877 1
1759829485858 54.40811260218004 1
1759829517822 54.68155928134123 1
1759829549799 54.94305198274894 1
1759829581649 55.18447739307311 1
1759829613489 55.38724048976245 1
1759829645545 55.67880536068026 1
1759829677860 55.91875822051841 1
1759829709743 56.190600175538144 1
1759829742013 56.47473111636645 1
1759829774219 56.70675004812011 1
1759829806441 56.92514979889805 1
1759829838360 57.127567204617726 1
1759829870817 57.34464264992922 1
1759829902797 57.609396318836815 1
1759829934791 57.846540527657034 1
1759837620257 58.068928013070625 1
1759844497549 58.32325847816149 1
1759853870226 58.548336898899656 1
1759869057056 58.806804596773546 1
1759872009375 59.04899790815375 1
1759878659038 59.294830694287946 1
1759878692674 59.536174792281535 1
1759878724796 59.76868681416315 1
1759878758935 60.03947206915962 1
1759878792167 60.28281702065856 1
1759878825569 60.53819002542847 1
1759878857697 60.85150531037971 1
1759878889486 61.13196427345154 1
1759878921235 61.33390005516269 1
1759878953057 61.512139926255934 1
1759878985780 61.750089222699856 1
1759879017886 61.97947459671841 1
1759879049740 62.23031779509155 1
1759879081445 62.46888472690335 1
1759879113466 62.65197825961099 1
1759879145396 62.90819803416829 1
1759879177152 63.16439929376223 1
1759879208878 63.37564048928626 1
1759879243353 63.59594242541885 1
1759879276234 63.80098784378308 1
1759879308405 64.04882411499102 1
1759879340456 64.31385804593265 1
1759879372313 64.55465435476951 1
1759879404510 64.78440899422459 1
1759879436475 65.02515514662096 1
1759879468381 65.28267795480018 1
1759879500585 65.50620241873717 1
1759879532734 65.74363570847837 1
1759879564669 65.99873944741074 1
1759879596671 66.2271514544052 1
1759879628895 66.48360719292855 1
1759879662307 66.71350846400115 1
1759879694383 66.93347969970546 1
1759879726838 67.1472746443874 1
1759879759021 67.31730698260358 1
1759879791955 67.54748882899216 1
1759879825620 67.77775289622899 1
